0.5859523415565491
9.818242073059082
3.0444564819335938
0.874873697757721
5.040202617645264
6.854066848754883
4.574818134307861
5.6748151779174805
0.9755613803863525
7.922454357147217
8.072527885437012
3.8875551223754883
9.20808219909668
0.36533716320991516
0.6641479730606079
4.104604721069336
2.9393277168273926
7.316860198974609
9.228917121887207
7.885159492492676
4.8338751792907715
3.3306336402893066
2.307270050048828
7.679523468017578
7.6571149826049805
8.682945251464844
7.868462085723877
0.8291062712669373
3.881347179412842
2.9367432594299316
2.382622241973877
3.2454428672790527
6.600037097930908
4.433908462524414
5.169691562652588
6.846236228942871
9.850822448730469
0.0749647244811058
4.594492435455322
1.4873677492141724
9.51325798034668
8.320734977722168
1.1762430667877197
3.840005874633789
9.165553092956543
8.371780395507812
6.714302062988281
7.029758453369141
2.671553134918213
3.1123499870300293
8.125062942504883
8.614173889160156
9.158449172973633
3.6969313621520996
7.460526466369629
1.1739871501922607
6.873012065887451
3.2044591903686523
2.663822650909424
0.4931020140647888
6.974530220031738
2.836740255355835
0.8236929178237915
8.011704444885254
5.648712158203125
9.712547302246094
3.0213513374328613
7.416143417358398
3.1267075538635254
9.349382400512695
2.1829276084899902
7.767756462097168
5.1490349769592285
5.101699352264404
7.58952522277832
1.9034631252288818
2.4873547554016113
5.780468463897705
6.977830410003662
8.408180236816406
2.284428596496582
0.9560084939002991
2.451592445373535
6.115372180938721
7.017401695251465
3.2749905586242676
3.8759703636169434
2.0702881813049316
6.643392562866211
5.502138614654541
0.9699947834014893
8.835222244262695
8.007213592529297
4.207519054412842
2.121023654937744
2.9848597049713135
9.064035415649414
9.041984558105469
4.295585632324219
5.016556739807129
9.077672004699707
2.753108024597168
5.457002639770508
4.099332809448242
8.470417976379395
5.279636383056641
9.507655143737793
3.851289749145508
8.68038558959961
9.02696704864502
7.483370304107666
9.843096733093262
9.859200477600098
9.363308906555176
1.1756240129470825
2.288297176361084
9.428844451904297
6.576666831970215
2.6972289085388184
3.597376823425293
2.2529284954071045
4.574789047241211
3.958270311355591
6.661264896392822
6.509242534637451
9.778650283813477
2.7831811904907227
4.742955684661865
7.833539009094238
3.1069674491882324
3.502427577972412
6.710528373718262
7.227253437042236
8.015140533447266
8.194807052612305
9.823732376098633
8.413086891174316
3.163832187652588
4.580798625946045
2.6480817794799805
6.624923229217529
5.508176803588867
1.9108295440673828
8.099363327026367
1.4927005767822266
9.586528778076172
9.322331428527832
0.6914187073707581
2.561474084854126
9.664321899414062
5.191183090209961
1.393818974494934
8.1817626953125
3.191035747528076
3.9482855796813965
3.3680474758148193
4.253222942352295
3.899521827697754
3.8989832401275635
9.512923240661621
3.3239102363586426
9.85704231262207
6.166258335113525
0.19926762580871582
6.6904449462890625
3.5787436962127686
8.94381332397461
3.9421682357788086
4.297756195068359
0.7788899540901184
8.550301551818848
4.73290491104126
5.21151065826416
6.954612731933594
5.574958801269531
7.9609880447387695
0.353681743144989
1.009546160697937
6.729193210601807
7.382476806640625
3.1854937076568604
3.240457057952881
3.316649913787842
1.143844485282898
9.32249641418457
1.3616615533828735
9.317680358886719
8.260465621948242
8.85207748413086
3.0096163749694824
9.691730499267578
4.281648635864258
7.219654083251953
3.570735216140747
5.377528190612793
3.455566883087158
0.9109360575675964
0.6179467439651489
4.193212509155273
0.13577935099601746
9.029884338378906
2.485384464263916
1.9624860286712646
3.672091007232666
9.923009872436523
5.391860485076904
4.880008697509766
4.199680328369141
5.203096389770508
5.841655254364014
0.7516428232192993
8.250028610229492
8.118412017822266
9.280592918395996
3.0633883476257324
2.3868069648742676
9.357905387878418
6.385545253753662
3.212484359741211
2.6178252696990967
2.6129393577575684
4.506901741027832
4.38800048828125
4.0349860191345215
0.915745198726654
6.389669418334961
8.262165069580078
2.1674375534057617
8.764097213745117
6.155686855316162
0.7016018033027649
0.5364100933074951
9.723295211791992
4.575957775115967
4.287963390350342
2.9578182697296143
1.238696575164795
6.59234619140625
2.150338888168335
2.2018096446990967
5.1680684089660645
1.0605862140655518
4.039130210876465
1.2996028661727905
9.901979446411133
1.048802375793457
9.02492618560791
1.2660633325576782
0.7338908314704895
6.951059341430664
0.6062133312225342
6.654263019561768
4.351573467254639
4.268825531005859
8.270160675048828
0.15571466088294983
2.066793203353882
8.296538352966309
6.226224899291992
8.583878517150879
7.358462333679199
8.689709663391113
2.519340991973877
2.1647238731384277
5.869791507720947
2.5725529193878174
9.263810157775879
3.501542568206787
7.397987365722656
9.817822456359863
0.8446452617645264
8.491271018981934
2.480548620223999
4.827423572540283
4.984070777893066
4.14796257019043
4.486302375793457
1.4646984338760376
8.347825050354004
9.314597129821777
6.598171710968018
8.001150131225586
8.478936195373535
3.7842843532562256
3.587679624557495
2.4137537479400635
9.309513092041016
6.827816009521484
7.06680965423584
0.5492735505104065
0.20701690018177032
3.667196273803711
9.457911491394043
8.163872718811035
8.705266952514648
0.7221797108650208
9.121650695800781
3.3688201904296875
8.167366981506348
2.719985008239746
1.9167606830596924
6.853440284729004
4.098762035369873
1.5096828937530518
1.6480076313018799
7.464759349822998
2.149646520614624
9.72785758972168
5.121992111206055
8.620406150817871
2.395066738128662
8.326337814331055
3.9234254360198975
0.10051093250513077
0.6368204951286316
6.08098030090332
2.6959383487701416
6.901985168457031
2.7287533283233643
5.935050010681152
7.183010101318359
2.0036087036132812
1.9006984233856201
9.531638145446777
8.41748046875
0.011121729388833046
7.320864677429199
4.040143966674805
2.9544448852539062
3.1424922943115234
8.981441497802734
2.012634515762329
7.7279052734375
1.8941890001296997
8.201118469238281
5.971970558166504
6.30072021484375
7.172439098358154
8.591520309448242
7.777379989624023
9.20930004119873
8.5333833694458
0.16648989915847778
3.0433826446533203
8.089810371398926
3.7323975563049316
5.662369728088379
4.222301483154297
3.3637728691101074
8.371058464050293
3.5164504051208496
0.9937511682510376
5.425181865692139
4.120965480804443
8.552301406860352
2.8810229301452637
3.1837987899780273
1.5150761604309082
0.5858625173568726
9.662681579589844
4.9417009353637695
8.945586204528809
9.396599769592285
9.431140899658203
0.9601268172264099
5.998904228210449
8.193439483642578
9.648031234741211
4.909436225891113
7.034287929534912
1.5429656505584717
5.862811088562012
0.1642046719789505
2.0327980518341064
6.546862602233887
5.9648284912109375
8.103667259216309
4.707189083099365
7.52287483215332
4.5486955642700195
1.7436187267303467
2.251509666442871
2.4681239128112793
9.914266586303711
9.775947570800781
4.418900012969971
8.387205123901367
2.1441736221313477
1.325770616531372
8.97935676574707
1.4481801986694336
1.8963191509246826
1.0383529663085938
1.2958226203918457
8.909294128417969
2.5727381706237793
1.0788445472717285
0.4553947448730469
0.5005713105201721
4.651722431182861
5.8246660232543945
2.0253875255584717
9.33123779296875
6.684470176696777
7.6291937828063965
9.416681289672852
9.264098167419434
6.322648525238037
7.777851104736328
9.48432731628418
2.7665743827819824
9.797971725463867
4.191777229309082
6.7083940505981445
8.688098907470703
5.5955915451049805
0.6112579107284546
8.362691879272461
6.778285503387451
3.839238166809082
0.8717590570449829
1.4312446117401123
4.323117256164551
5.353489875793457
0.4469901919364929
3.023543357849121
8.301926612854004
7.079244613647461
4.016340255737305
5.161965370178223
0.5165143013000488
9.807539939880371
8.51169490814209
0.9407979846000671
8.501713752746582
1.1390913724899292
8.00986385345459
0.77411949634552
4.179913520812988
4.342922210693359
3.4659252166748047
4.085666179656982
9.482483863830566
9.4860258102417
6.3860182762146
7.348502159118652
0.4528675675392151
3.400057792663574
1.9045318365097046
4.171191215515137
2.737781047821045
3.554788112640381
9.903003692626953
1.8210004568099976
8.693763732910156
2.1225810050964355
6.218893527984619
7.737723350524902
8.353287696838379
9.021905899047852
2.8522772789001465
2.2156341075897217
2.0700337886810303
3.913048267364502
8.659625053405762
3.9986143112182617
3.104163646697998
0.10016397386789322
3.7020504474639893
6.9544453620910645
1.758205771446228
9.83808708190918
2.6109325885772705
1.8401122093200684
8.315455436706543
0.6291865110397339
8.857648849487305
9.650089263916016
4.104155540466309
1.9783871173858643
3.605092763900757
8.713499069213867
8.249476432800293
3.2703661918640137
0.3132995665073395
0.518669843673706
6.8267621994018555
2.137831211090088
9.818108558654785
8.122941017150879
3.345048189163208
1.5474598407745361
2.862001419067383
9.02623176574707
0.43142783641815186
5.701098442077637
9.037529945373535
1.343686819076538
4.167819976806641
9.565326690673828
9.772367477416992
9.360672950744629
7.586699485778809
2.8430557250976562
3.9321446418762207
1.4301575422286987
3.948206663131714
8.293163299560547
9.344255447387695
3.9735360145568848
7.318340301513672
7.120771884918213
0.6607394814491272
4.816547393798828
3.4392895698547363
7.0312604904174805
3.2698845863342285
7.030221939086914
4.05088996887207
7.311258316040039
2.1870975494384766
8.852032661437988
2.094184160232544
2.4011805057525635
3.878740072250366
2.059447765350342
7.309695243835449
1.5266470909118652
0.254180371761322
7.886980056762695
4.142446041107178
4.105101585388184
8.440863609313965
0.3709486126899719
2.4961588382720947
3.6991472244262695
8.370865821838379
3.6502628326416016
6.010537147521973
0.6888509392738342
3.383072853088379
6.296096324920654
0.016673283651471138
0.5319747924804688
2.7973976135253906
9.148055076599121
0.44139984250068665
4.936830997467041
2.8872594833374023
1.8226282596588135
1.0658111572265625
9.768601417541504
5.25606632232666
6.5732808113098145
6.3003997802734375
8.439687728881836
0.807456374168396
1.1208610534667969
1.023023247718811
8.386615753173828
3.030202627182007
5.272579193115234
9.900516510009766
4.368268966674805
0.5590847730636597
9.625955581665039
4.058916091918945
7.867018699645996
8.669394493103027
4.318176746368408
1.2162652015686035
9.761381149291992
0.3160550594329834
9.783822059631348
9.903205871582031
9.559050559997559
2.2425148487091064
4.232746601104736
1.9084770679473877
7.938497543334961
6.284565448760986
0.8030743598937988
8.600090026855469
0.16820231080055237
6.3991875648498535
3.766450881958008
2.680403709411621
1.5317254066467285
8.202796936035156
6.263885498046875
1.0582319498062134
8.958572387695312
1.2519044876098633
3.13737154006958
8.806400299072266
6.882439613342285
2.636404037475586
3.281808376312256
2.249948024749756
2.8715226650238037
3.8046112060546875
8.833934783935547
7.855773448944092
0.6384565830230713
3.3146181106567383
4.17822790145874
9.155144691467285
0.9574853181838989
9.311656951904297
0.5767456293106079
3.732313871383667
7.5636796951293945
3.6107137203216553
2.501317024230957
3.4229090213775635
1.9530389308929443
4.07752799987793
4.703713417053223
4.170302867889404
3.290320634841919
3.799546003341675
5.336702346801758
6.862049579620361
4.2364654541015625
9.559160232543945
2.276571273803711
4.123710632324219
0.05604737251996994
9.773565292358398
7.1752543449401855
8.694182395935059
5.669259071350098
9.849517822265625
8.369645118713379
4.813082695007324
4.064887046813965
2.9855828285217285
2.523132562637329
4.8301520347595215
8.723674774169922
2.266916275024414
3.500549793243408
0.5019980072975159
9.27739429473877
3.9336678981781006
0.49815183877944946
4.27150821685791
0.40917009115219116
4.163047790527344
2.670640707015991
7.166531085968018
1.1957099437713623
0.6672136783599854
6.498286247253418
3.5659420490264893
8.441636085510254
3.024975299835205
3.5102450847625732
3.0049362182617188
2.11763072013855
3.6341679096221924
4.230570316314697
1.274651050567627
6.170473098754883
3.1652679443359375
6.977260589599609
0.3952625095844269
5.919782638549805
3.3626720905303955
1.043416976928711
6.731729030609131
0.05400218814611435
9.468647003173828
0.35850250720977783
5.870298862457275
0.5138030052185059
1.9331306219100952
4.135290145874023
9.803844451904297
4.563194274902344
0.27904072403907776
5.245100975036621
2.5836215019226074
6.649088382720947
3.7438697814941406
7.721636772155762
7.047722339630127
2.91025972366333
7.554521083831787
1.6125056743621826
2.9780056476593018
7.207591533660889
3.6117210388183594
7.659832000732422
9.734719276428223
9.139093399047852
6.298501014709473
1.793658971786499
3.0461034774780273
6.56093168258667
9.775367736816406
1.7887260913848877
3.916656017303467
6.2006707191467285
1.23062264919281
3.7227602005004883
3.0605902671813965
2.0546717643737793
2.3748278617858887
9.127723693847656
8.86380386352539
2.635718584060669
7.0741705894470215
6.4429216384887695
2.9167470932006836
7.114202499389648
1.4204394817352295
9.778061866760254
5.629652976989746
3.296281099319458
7.711503505706787
1.7044486999511719
0.23940297961235046
2.7178452014923096
3.5010666847229004
8.15472412109375
8.01713752746582
3.5152950286865234
5.274595260620117
7.390595436096191
2.8600656986236572
5.326545715332031
5.289366722106934
3.9416983127593994
0.5653624534606934
4.044830322265625
3.7023534774780273
6.757111549377441
3.836261034011841
3.4511067867279053
1.0824472904205322
7.673920631408691
8.267321586608887
1.1346802711486816
1.4609986543655396
8.88305377960205
9.540509223937988
9.667657852172852
9.626142501831055
0.1293095052242279
6.824403285980225
5.347161293029785
0.838223397731781
5.705661296844482
9.004384994506836
6.954645156860352
9.68458366394043
8.181403160095215
4.07007360458374
6.161404132843018
9.29870891571045
5.0171332359313965
8.142882347106934
9.826972007751465
5.505152225494385
9.290670394897461
1.6169662475585938
3.1266465187072754
7.644132614135742
7.3175435066223145
9.721955299377441
6.662973880767822
1.410746693611145
9.555988311767578
4.117359638214111
2.103313446044922
6.267560958862305
9.072299003601074
3.9776060581207275
2.857874870300293
5.92879056930542
0.2697630822658539
1.6192699670791626
9.754239082336426
5.7460737228393555
3.612205743789673
9.283563613891602
3.304776191711426
3.478626251220703
2.833127737045288
3.117534875869751
3.592677116394043
8.290369033813477
0.09391848742961884
3.420400619506836
9.187963485717773
1.5010179281234741
6.561665058135986
8.720269203186035
8.395639419555664
3.383057117462158
9.322951316833496
3.7180633544921875
3.6213181018829346
3.7192652225494385
9.573415756225586
5.453152179718018
1.8718540668487549
5.554472923278809
0.05491294711828232
7.5467352867126465
7.362905025482178
1.8223010301589966
5.102275848388672
4.060692310333252
4.230798721313477
4.252328872680664
3.2428719997406006
5.566988468170166
2.852353572845459
9.127169609069824
8.317556381225586
9.723316192626953
4.402491092681885
0.9175761938095093
5.893993854522705
9.843204498291016
7.469512939453125
2.6136770248413086
5.5022664070129395
4.894322395324707
5.26817512512207
4.598601341247559
9.236639976501465
9.152734756469727
3.28049898147583
3.6089649200439453
4.005063056945801
5.189705848693848
7.60164737701416
5.407079696655273
7.2462615966796875
4.221807479858398
0.7833589315414429
0.3982524275779724
2.631903648376465
1.0203570127487183
9.126338005065918
1.4821254014968872
3.5608253479003906
1.7005728483200073
8.864686965942383
3.2624456882476807
4.131533622741699
6.8222527503967285
0.3604159951210022
5.801360130310059
3.513345956802368
7.708993911743164
8.953243255615234
9.753530502319336
9.158378601074219
3.8957443237304688
5.990962505340576
3.874814033508301
4.9116926193237305
3.9150211811065674
7.836881637573242
4.913486957550049
3.9173495769500732
1.5487573146820068
8.163238525390625
8.802743911743164
3.6422948837280273
1.7342500686645508
9.940947532653809
2.472501754760742
3.998861789703369
2.8718199729919434
6.451291561126709
0.0775209590792656
9.032729148864746
1.0389961004257202
9.275761604309082
3.313295602798462
3.936939239501953
0.48932772874832153
2.848856210708618
7.642367362976074
6.89432430267334
4.657851219177246
7.441904067993164
0.7656939029693604
3.281686544418335
5.9410529136657715
0.2187134027481079
4.9272260665893555
9.073451042175293
2.6024105548858643
2.8457534313201904
3.2810635566711426
3.2641801834106445
1.9957326650619507
0.5472094416618347
1.140586018562317
6.794737815856934
9.494671821594238
3.5957589149475098
3.714148998260498
3.6672449111938477
9.803855895996094
0.8898345232009888
5.137252330780029
2.184748649597168
7.547152042388916
5.674316883087158
1.6145715713500977
7.5423054695129395
3.598569393157959
8.369370460510254
2.040396213531494
0.11471937596797943
6.9812822341918945
1.1045409440994263
0.7534759640693665
4.775590896606445
9.518836975097656
4.307891845703125
0.40911632776260376
3.368596076965332
1.9929546117782593
8.741568565368652
5.670197486877441
1.0436729192733765
8.63229751586914
9.341253280639648
7.558451175689697
7.246687412261963
9.700352668762207
7.251041412353516
0.22408628463745117
9.362518310546875
8.448063850402832
0.625831127166748
0.8582356572151184
8.288330078125
1.621246099472046
2.8899636268615723
2.9502902030944824
2.4354121685028076
3.765505313873291
8.087329864501953
4.550111770629883
8.9740571975708
1.6953167915344238
9.249918937683105
9.953852653503418
3.854055404663086
0.48893478512763977
4.17581033706665
8.239352226257324
6.984376907348633
6.222991943359375
4.501514434814453
3.6449103355407715
7.531141757965088
2.670827865600586
6.323984146118164
0.2692522704601288
6.806685924530029
0.4052490293979645
5.214953899383545
1.2035317420959473
0.9701545238494873
2.2498505115509033
5.848386287689209
9.366218566894531
5.644489288330078
3.554011583328247
7.478845119476318
7.383722305297852
3.9337401390075684
2.2590320110321045
3.649313449859619
1.3220927715301514
2.553025722503662
3.2750792503356934
3.7021360397338867
2.1273860931396484
6.698363304138184
3.8669018745422363
0.2149289846420288
9.528375625610352
2.6022984981536865
8.093791961669922
2.442800998687744
2.7520017623901367
7.88484525680542
6.634133338928223
8.160296440124512
